genome_limit,num_reads,read_length,mutation_rate,max_mismatch,BWT_accuracy,BWT_time_sec
100000,20000,50,0.03,3,0.992,450.61933970451355
100000,20000,75,0.03,3,0.97375,454.01575684547424
100000,20000,100,0.03,3,0.9213,444.2227830886841
100000,20000,125,0.03,3,0.81465,531.5436685085297
100000,20000,150,0.03,3,0.69435,590.765912771225
100000,20000,50,0.03,1,0.81583,120.47885704040527
100000,20000,50,0.03,2,0.96501,130.59879159927368
100000,20000,50,0.03,3,0.992,320.44218826293945
100000,20000,50,0.03,4,0.99689,930.3059298992157
100000,20000,50,0.03,3,0.992,328.8717155456543
100000,40000,50,0.03,3,0.99531,595.1500272750854
100000,60000,50,0.03,3,0.99504,836.2652695178986
100000,20000,50,0.03,3,0.992,324.0554482936859
300000,60000,50,0.03,3,0.8087033333333333,1676.1388928890228
1000000,200000,50,0.03,3,0.713416,12177.965259313583
