genome_limit,num_reads,read_length,mutation_rate,max_mismatch,BWT_accuracy,BWT_time_sec
100000,20000,10,0.03,3,0.25658,111.97467303276062
100000,20000,25,0.03,3,0.97965,317.7688479423523
100000,20000,50,0.03,3,0.992,358.73851585388184
100000,20000,75,0.03,3,0.97375,416.25326704978943
100000,20000,100,0.03,3,0.9213,478.8517498970032
100000,20000,125,0.03,3,0.81465,555.208877325058
100000,20000,150,0.03,3,0.69435,618.0669326782227
100000,20000,150,0.03,4,0.86997,1673.7898380756378
100000,20000,150,0.03,5,0.95263,3808.2408576011658
